 $IN1
 ISHOT	= 987654
 ITIME	= 321
 KWRIPRE	= 0
 IXSTRT	= 1
 ICNTOUR	= 0
 PCURBD	= .0
 FWTQA	= 1.0
 QVFIT	= 1.05
 FWTCUR	= 1.0
 KZEROJ	= 1
 RZEROJ	= .0 .0 .0 .0 .0 .0 .0 .0 .0 .0 .0 .0 .0 .0 .0 .0 .0 .0 .0 .0
 .0 .0 .0 .0 .0 .0 .0 .0 .0 .0 .0 .0 .0 .0 .0 .0 .0 .0 .0 .0 .0
 PLASMA	= 1000000.0
 BTOR	= -2.0
 LIMITR =                116
 XLIM = 11*1.016 1.012 1.001 1.029 1.042 1.046 1.056 1.097 1.108 1.116 1.134 
 1.148 1.162 1.181 1.182 1.185 1.19 1.195 1.201 1.209 1.215 1.222 1.228 1.234 
 1.239 1.242 1.248 1.258 1.263 3*1.28 1.31 1.328 1.361 1.38 2*1.419 1.372 
 1.37167 1.37003 1.36688 1.36719 1.37178 1.37224 1.38662 1.38708 1.40382 
 1.41127 1.41857 1.421 1.48663 1.4973 1.49762 1.49745 1.49275 1.4926 1.49261 
 1.49279 1.4934 1.4947 1.49622 1.47981 1.48082 1.48149 1.48646 1.49095 
 1.50305 1.59697 1.6255 1.63752 1.647 1.785 2.07 2.128 2.245 2.33956 2.34708 
 2.34913 2.35103 2.35158 2.35125 2.35051 2.34965 2.3487 2.3476 2.3402 2.32942 
 2.134 1.786 2*1.768 1.682 2*1.372 2*1.42 1.273 1.153 8*1.016 43*0.0
 YLIM = 0.0 0.964 0.968 1.001 1.019 1.077 1.07 1.096 1.113 1.138 1.147 1.165 
 2*1.217 1.1624 1.16238 1.1626 1.1645 1.16594 1.16591 1.16896 1.17175 1.17556 
 1.183 1.1835 1.185 1.188 1.191 1.196 1.202 1.208 1.214 1.221 1.231 1.238 
 1.244 1.254 1.278 1.29 1.331 1.347 6*1.348 2*1.31 1.29238 1.28268 1.25644 
 1.22955 1.19576 1.19402 1.16487 1.16421 1.15696 1.1573 1.16132 1.164 1.2405 
 1.23458 1.23428 1.23174 1.2133 1.21061 1.20486 1.20214 1.19642 1.18511 
 1.1607 1.12426 1.12256 1.12138 1.11692 1.11439 1.11244 1.09489 1.0853 
 1.07988 2*1.077 1.04 0.993 0.709 0.46143 0.41583 0.27218 0.17018 0.07012 
 -0.03179 -0.14435 -0.21483 -0.32669 -0.38677 -0.45304 -0.47757 -0.973 -1.174 
 -1.211 3*-1.25 2*-1.329 3*-1.363 2*-1.223 -0.83 -0.8 -0.415 -0.4 -0.001 
 44*0.0
 NBDRY =          119
 RBDRY =  1.6223
    1.5875
    1.5528
    1.5184
    1.4843
    1.4507
    1.4178
    1.3855
    1.3541
    1.3237
    1.2944
    1.2662
    1.2395
    1.2141
    1.1904
    1.1871
    1.1871
    1.1684
    1.1482
    1.1300
    1.1141
    1.1004
    1.0892
    1.0807
    1.0750
    1.0723
    1.0725
    1.0725
    1.0727
    1.0763
    1.0832
    1.0934
    1.1068
    1.1235
    1.1434
    1.1666
    1.1930
    1.2048
    1.2048
    1.2226
    1.2552
    1.2905
    1.3279
    1.3673
    1.4081
    1.4500
    1.4926
    1.5354
    1.5783
    1.6206
    1.6621
    1.6841
    1.6841
    1.7024
    1.7414
    1.7790
    1.8154
    1.8507
    1.8850
    1.9183
    1.9509
    1.9752
    1.9752
    1.9826
    2.0137
    2.0438
    2.0726
    2.0999
    2.1254
    2.1488
    2.1700
    2.1886
    2.1898
    2.1898
    2.2045
    2.2177
    2.2287
    2.2378
    2.2452
    2.2513
    2.2564
    2.2607
    2.2633
    2.2633
    2.2647
    2.2683
    2.2715
    2.2741
    2.2759
    2.2768
    2.2766
    2.2751
    2.2722
    2.2677
    2.2663
    2.2663
    2.2614
    2.2533
    2.2434
    2.2317
    2.2180
    2.2025
    2.1851
    2.1658
    2.1446
    2.1251
    2.1251
    2.1214
    2.0963
    2.0695
    2.0411
    2.0113
    1.9803
    1.9482
    1.9152
    1.8816
    1.8474
    1.8129
    1.7782
 ZBDRY =  -1.1317
   -1.0760
   -1.0204
   -0.9650
   -0.9099
   -0.8551
   -0.8008
   -0.7471
   -0.6940
   -0.6417
   -0.5902
   -0.5396
   -0.4901
   -0.4416
   -0.3944
   -0.3878
   -0.3878
   -0.3485
   -0.3039
   -0.2606
   -0.2185
   -0.1777
   -0.1382
   -0.0999
   -0.0628
   -0.0269
    0.0033
    0.0033
    0.0078
    0.0414
    0.0742
    0.1066
    0.1389
    0.1714
    0.2044
    0.2384
    0.2736
    0.2885
    0.2885
    0.3104
    0.3485
    0.3876
    0.4271
    0.4663
    0.5049
    0.5423
    0.5779
    0.6112
    0.6417
    0.6690
    0.6923
    0.7031
    0.7031
    0.7113
    0.7257
    0.7357
    0.7414
    0.7430
    0.7407
    0.7345
    0.7247
    0.7149
    0.7149
    0.7114
    0.6949
    0.6754
    0.6531
    0.6284
    0.6016
    0.5730
    0.5428
    0.5113
    0.5091
    0.5091
    0.4789
    0.4455
    0.4111
    0.3759
    0.3397
    0.3027
    0.2648
    0.2261
    0.2003
    0.2003
    0.1865
    0.1462
    0.1053
    0.0639
    0.0221
   -0.0198
   -0.0618
   -0.1036
   -0.1452
   -0.1863
   -0.1966
   -0.1966
   -0.2269
   -0.2670
   -0.3066
   -0.3456
   -0.3843
   -0.4226
   -0.4605
   -0.4982
   -0.5356
   -0.5671
   -0.5671
   -0.5729
   -0.6100
   -0.6470
   -0.6838
   -0.7205
   -0.7572
   -0.7938
   -0.8303
   -0.8667
   -0.9031
   -0.9395
   -0.9758

 
 IERCHK	= 1
 FWTCUR	= 1.0
 FWTBP	= .0
 SERROR	= 2.999999900000000E-02
 NEXTRA	= 4
 SCRAPE	= 4.000000000000000E-02
 ITRACE	= 1
 ITEK	= 5
 XLTYPE	= 0.0
 BITIP	= 1220.703
 FWTFC	= .0 .0 .0 .0 .0 .0 .0 .0 .0 .0 .0 .0 .0 .0 .0 .0 .0 .0
 IECURR	= 2
 ECURRT	= -12500.0 -12500.0 .0 .0 .0 .0
 IFITVS	= 0
 VLOOP	= 0.0
 IFCURR	= 0
 NSLREF	= 1
 IAVEM	= 5
 ERROR	= 1.000000000000000E-04
 ICUTFP	= 0
 KEQDSK	= 1
 BETAP0	= .5
 RZERO	= 1.6955
 ENP	= 1.0
 EMP	= 1.0
 RCENTR	= 1.6955
 ICURRT	= 2
 IFREF	= -1
 PSIBRY	= .073
 MXITER	= 1
 NXITER	= -65
 CFCOIL	= -4750.0
 FWTSI	= .0 .0 .0 .0 .0 .0 .0 .0 .0 .0 .0 .0 .0 .0 .0 .0 .0 .0 .0 .0 .0
 .0 .0 .0 .0 .0 .0 .0 .0 .0 .0 .0 .0 .0 .0 .0 .0 .0 .0 .0 .0
 FWTMP2	= .0 .0 .0 .0 .0 .0 .0 .0 .0 .0 .0 .0 .0 .0 .0 .0 .0 .0 .0 .0
 .0 .0 .0 .0 .0 .0 .0 .0 .0 .0 .0 .0 .0 .0 .0 .0 .0 .0 .0 .0 .0 .0 .0
 .0 .0 .0 .0 .0 .0 .0 .0 .0 .0 .0 .0 .0 .0 .0 .0 .0
 KCALPA	= 2
 CALPA	= 100.0 100.0 100.0 100.0 .0 .0 .0 .0 .0 .0 .0 .0 .0 .0 .0 .0 .0
 .0 100.0 100.0 .0 .0 .0 .0 .0 .0 .0 .0 .0 .0 .0 .0 .0 .0 .0 .0 -300.0
 .0 100.0 .0 .0 .0 .0 .0 .0 .0 .0 .0 .0 .0 .0 .0 .0 .0 .0 .0 .0 .0 .0
 .0 .0 .0 .0 .0 .0 .0 .0 .0 .0 .0 .0 .0 .0 .0 .0 .0 .0 .0 .0 .0 .0 .0
 .0 .0 .0 .0 .0 .0 .0 .0 .0 .0 .0 .0 .0 .0 .0 .0 .0 .0 .0 .0 .0 .0 .0
 .0 .0 .0 .0 .0 .0 .0 .0 .0 .0 .0 .0 .0 .0 .0 .0 .0 .0 .0 .0 .0 .0 .0
 .0 .0 .0 .0 .0 .0 .0 .0 .0 .0 .0 .0 .0 .0 .0 .0 .0 .0 .0 .0 .0 .0 .0
 .0 .0 .0 .0 .0 .0 .0 .0 .0 .0 .0 .0 .0 .0 .0 .0 .0 .0 .0 .0 .0 .0 .0
 .0 .0 .0 .0 .0 .0 .0 .0 .0 .0 .0 .0 .0 .0 .0 .0 .0 .0 .0 .0 .0 .0 .0
 .0 .0 .0 .0 .0 .0 .0 .0 .0 .0 .0 .0 .0 .0 .0 .0 .0 .0 .0 .0 .0 .0 .0
 .0 .0 .0 .0 .0 .0 .0 .0 .0 .0 .0 .0 .0 .0 .0 .0 .0 .0 .0 .0 .0 .0 .0
 .0 .0 .0 .0 .0 .0 .0 .0 .0 .0 .0 .0 .0 .0 .0 .0 .0 .0 .0 .0 .0 .0 .0
 .0 .0 .0 .0 .0 .0 .0 .0 .0 .0 .0 .0 .0 .0 .0 .0 .0 .0 .0 .0 .0 .0 .0
 .0 .0 .0 .0 .0 .0 .0 .0 .0 .0 .0 .0 .0 .0 .0 .0 .0 .0 .0 .0 .0 .0 .0
 .0 .0 .0 .0 .0 .0 .0 .0 .0 .0 .0 .0
 XALPA	= 10000000.0 .0 .0 .0 .0 .0 .0 .0 .0 .0 .0 .0 .0 .0 .0 .0 .0 .0
 KCGAMA	= 0
 CGAMA	= .1 .1 .1 .1 .0 .0 .0 .0 .0 .0 .0 .0 .0 .0 .0 .0 .0 .0 .0 .0 .0
 .0 .0 .0 .0 .0 .0 .0 .0 .0 .0 .0 .0 .0 .0 .0 .0 .0 .0 .0 .0 .0 .0 .0
 .0 .0 .0 .0 .0 .0 .0 .0 .0 .0 .0 .0 .0 .0 .0 .0 .0 .0 .0 .0 .0 .0 .0
 .0 .0 .0 .0 .0 .0 .0 .0 .0 .0 .0 .0 .0 .0 .0 .0 .0 .0 .0 .0 .0 .0 .0
 .0 .0 .0 .0 .0 .0 .0 .0 .0 .0 .0 .0 .0 .0 .0 .0 .0 .0 .0 .0 .0 .0 .0
 .0 .0 .0 .0 .0 .0 .0 .0 .0 .0 .0 .0 .0 .0 .0 .0 .0 .0 .0 .0 .0 .0 .0
 .0 .0 .0 .0 .0 .0 .0 .0 .0 .0 .0 .0 .0 .0 .0 .0 .0 .0 .0 .0 .0 .0 .0
 .0 .0 .0 .0 .0 .0 .0 .0 .0 .0 .0 .0 .0 .0 .0 .0 .0 .0 .0 .0 .0 .0 .0
 .0 .0 .0 .0 .0 .0 .0 .0 .0 .0 .0 .0 .0 .0 .0 .0 .0 .0 .0 .0 .0 .0 .0
 .0 .0 .0 .0 .0 .0 .0 .0 .0 .0 .0 .0 .0 .0 .0 .0 .0 .0 .0 .0 .0 .0 .0
 .0 .0 .0 .0 .0 .0 .0 .0 .0 .0 .0 .0 .0 .0 .0 .0 .0 .0 .0 .0 .0 .0 .0
 .0 .0 .0 .0 .0 .0 .0 .0 .0 .0 .0 .0 .0 .0 .0 .0 .0 .0 .0 .0 .0 .0 .0
 .0 .0 .0 .0 .0 .0 .0 .0 .0 .0 .0 .0 .0 .0 .0 .0 .0 .0 .0 .0 .0 .0 .0
 .0 .0 .0 .0 .0 .0 .0 .0 .0 .0 .0 .0 .0 .0 .0 .0 .0 .0 .0 .0 .0 .0 .0
 .0 .0 .0 .0
 XGAMA	= .0 .0 .0 .0 .0 .0 .0 .0 .0 .0 .0 .0 .0 .0 .0 .0 .0 .0
 KPPCUR	= 3
 KFFCUR	= 4
 FCURBD	= .0
 ICONVR	= 3
 FCZERO	= 1.0 1.0 1.0 1.0 1.0 1.0 1.0 1.0 1.0
	  1.0 1.0 1.0 1.0 1.0 1.0 1.0 1.0 1.0
 FCSUM	= 1.0 1.0 1.0 1.0 1.0  .0  .0 1.0 1.0
	  1.0 1.0 1.0 1.0 1.0  .0  .0 1.0 1.0
 RELAX	= .25
 BRSP	= .0 .0 .0 .0 .0 .0 .0 .0  0.0 .0 .0 .0 .0 .0 .0 .0 .0
  0.0 .0 .0 .0 .0 .0 .0 .0 .0 .0 .0 .0 .0 .0 .0 .0 .0 .0 .0 .0 .0
 .0 .0 .0 .0 .0 .0 .0 .0 .0 .0 .0 .0 .0 .0 .0 .0 .0 .0 .0 .0 .0 .0 .0
 .0 .0 .0 .0 .0 .0 .0 .0 .0 .0 .0 .0 .0 .0 .0 .0 .0 .0 .0 .0 .0 .0 .0
 .0 .0 .0 .0 .0 .0 .0 .0 .0 .0 .0 .0 .0 .0 .0 .0 .0 .0 .0 .0 .0 .0 .0
 .0 .0 .0 .0 .0 .0 .0 .0 .0 .0 .0 .0 .0 .0 .0 .0 .0 .0 .0 .0 .0 .0 .0
 .0 .0 .0 .0 .0 .0 .0 .0 .0 .0 .0 .0 .0 .0 .0 .0 .0 .0 .0 .0 .0 .0 .0
 .0 .0 .0 .0 .0 .0 .0 .0 .0 .0 .0 .0 .0 .0 .0 .0 .0 .0 .0 .0 .0 .0 .0
 .0 .0 .0 .0 .0 .0 .0 .0 .0 .0 .0 .0 .0 .0 .0 .0 .0 .0 .0 .0 .0 .0 .0
 .0 .0 .0 .0 .0 .0 .0 .0 .0 .0 .0 .0 .0 .0 .0 .0 .0 .0 .0 .0 .0 .0 .0
 .0 .0 .0 .0 .0 .0 .0 .0 .0 .0 .0 .0 .0 .0 .0 .0 .0 .0 .0 .0 .0 .0 .0
 .0 .0 .0 .0 .0 .0 .0 .0 .0 .0 .0 .0 .0 .0 .0 .0 .0 .0 .0 .0 .0 .0 .0
 .0 .0 .0 .0 .0 .0 .0 .0 .0 .0 .0 .0 .0 .0 .0 .0 .0 .0 .0 .0 .0 .0 .0
 .0 .0 .0 .0 .0 .0 .0 .0 .0 .0 .0 .0 .0 .0 .0 .0 .0 .0 .0 .0 .0 .0 .0
 .0 .0 .0 .0 .0 .0 .0 .0 .0 .0 .0 .0 .0 .0 .0 .0 .0 .0 .0 .0 .0 .0 .0
 .0 .0 .0 .0
  $END
 $INWANT
 PSIWANT	= .9800000000000001
 VZEROJ	= 0.1
 FBETAN	= 2.4
 JBETA	= 1
 ALPAX	= 1000000.0 .0 .0 .0 .0 .0 .0 .0 .0 .0 .0 .0 .0 .0 .0 .0 .0 .0
 JWANTM	= 3
 FLI	= 1.3
 JLI	= 2
 GAMAX	= 5000000 -500000.0 -500000.0 .0 .0 .0 .0 .0 .0 .0 .0 .0 .0 .0 .0 .0 .0 .0
 FQSIW	= .0 .0 .0 .0 .0 .0 .0 .0 .0 .0 .0 .0 .0 .0 .0 .0 .0 .0 .0 .0 .0
 .0 .0 .0 .0 .0 .0 .0 .0 .0 
 FWTBDRY = 
   100.
   100.
   100.
   100.
   100.
   100.
   100.
     1.
     1.
     1.
     1.
     1.
     1.
     1.
     1.
     1.   
     1.
     1.
     1.
     1.
     1.
   100.
   100.
   100.
   100.
   100.
   100.
   100.
   100.
   100.
   100.
     1.
     1.
     1.
     1.
     1.
     1.
     1.
     1.
     1.
   100.
     1.
     1.
   100.
     1.
     1.
   100.
     1.
     1.
     1.
     1.
     1.
     1.
   100.
     1.
     1.
   100.
     1.
     1.
   100.
     1.
     1.
   100.
     1.
     1.
   100.
     1.
     1.
   100.
     1.
     1.
     1. 
     1.
     1.
     1.
     1.
     1.
     1.
     1.
     1.
     1.
   100.
   100.
   100.
   100.
   100.
   100.
   100.
   100.
   100.
   100.
   100.
   100.
   100.
   100.
   100.
     1.
     1.
     1.
     1.
     1.
     1.
     1.
     1.
     1.
     1.
     1.
     1.
     1.
     1.
     1.
     1.
   100.
   100.
   100.
   100.
   100.
   100.
   100.
     
 KCCOILS	= 0
 XCOILS	=  000.0 000.0 .0 .0 .0 .0 .0 .0 .0 .0 .0 .0 .0 .0 .0 .0 .0 .0
 CCOILS	= .0 .0 .0 .0 .0 .0 .0 .0 .0    .0 .0 .0 .0 .0 .0 .0 .0 1.0 
	  .0 .0 .0 .0 .0 .0 .0 .0 .0    .0 .0 .0 .0 .0 .0 .0 .0 1.0
 	  .0 .0 3.0 .0 .0 .0 .0 .0 -1.0  .0 .0 .0 .0 .0 .0 .0 .0 .0 
 .0 .0 .0 .0 .0 .0 .0 .0 .0 .0
 .0 .0 .0 .0 .0 .0 .0 .0 .0 .0 .0 .0 .0 .0 .0 .0 .0 .0 .0 .0 .0 .0 .0
 .0 .0 .0 .0 .0 .0 .0 .0 .0 .0 .0 .0 .0 .0 .0 .0 .0 .0 .0 .0 .0 .0 .0
 .0 .0 .0 .0 .0 .0 .0 .0 .0 .0 .0 .0 .0 .0 .0 .0 .0 .0 .0 .0 .0 .0 .0
 .0 .0 .0 .0 .0 .0 .0 .0 .0 .0 .0 .0 .0 .0 .0 .0 .0 .0 .0 .0 .0 .0 .0
 .0 .0 .0 .0 .0 .0 .0 .0 .0 .0 .0 .0 .0 .0 .0 .0 .0 .0 .0 .0 .0 .0 .0
 .0 .0 .0 .0 .0 .0 .0 .0 .0 .0 .0 .0 .0 .0 .0 .0 .0 .0 .0 .0 .0 .0 .0
 .0 .0 .0 .0 .0 .0 .0 .0 .0 .0 .0 .0 .0 .0 .0 .0 .0 .0 .0 .0 .0 .0 .0
 .0 .0 .0 .0 .0 .0 .0 .0 .0 .0 .0 .0 .0 .0 .0 .0 .0 .0 .0 .0 .0 .0 .0
 .0 .0 .0 .0 .0 .0 .0 .0 .0 .0 .0 .0 .0 .0 .0 .0 .0 .0 .0 .0 .0 .0 .0
 .0 .0 .0 .0 .0 .0 .0 .0 .0 .0 .0 .0 .0 .0 .0 .0 .0 .0 .0 .0 .0 .0 .0
 .0 .0 .0 .0 .0 .0 .0 .0 .0 .0 .0 .0 .0 .0 .0 .0 .0 .0 .0 .0 .0 .0 .0
 .0 .0 .0 .0 .0 .0 .0
 $END

 The boundary shape in this template is from Ferron's 'scaled 3.70x' ITER shape
 as per his email to me January 7, 2008. This file started out copied from the file
 template_iter_sc2_new in the /p/d2/disrupt/hyatt/asdexshape/iter_sc2_new directory
 The 'TIME' parameter in this file is ecoded to be the VFI config index "127"; i.e.
 all coils except the 6 and 7 coils are ON the VFI bus.

